        500 -12422.698155
       1000 -11355.210835
       1500 -10333.559280
       2000 -9903.627752
       2500 -9506.646666
       3000 -9310.549952
       3500 -9187.948969
       4000 -9129.927456
       4500 -9095.548292
       5000 -9026.609847
       5500 -8952.087237
       6000 -8951.213863
       6500 -8935.877544
        500 -11425.707168
       1000 -10257.768527
       1500 -9652.124489
       2000 -9327.744207
       2500 -9149.511673
       3000 -8994.503494
       3500 -8964.015761
       4000 -8918.761442
       4500 -8905.156170
       5000 -8890.981217
       5500 -8882.174563
       6000 -8858.163496
       6500 -8857.663446
       7000 -8853.153792
       7500 -8847.289935
       8000 -8850.196811
       8500 -8853.578596
       9000 -8860.920255
       9500 -8845.648629
      10000 -8850.387447
